Sep 17
34.3
34.6
14.0
4.3
9.1
2.7
Sep 16
34.2
33.9
13.7
4.3
9.9
2.9
Sep 14
34.0
34.1
12.8
4.4
10.5
3.2
Sep 12
34.7
33.5
11.6
4.5
11.1
3.4
Sep 07
33.7
33.5
13.4
4.3
10.6
3.5
Sep 03
33.4
33.9
13.3
4.4
10.4
3.6
Aug 31
32.8
34.2
13.8
4.2
10.4
3.5
Aug 29
33.0
34.1
14.1
4.2
10.2
3.5
Aug 25
32.9
33.9
13.8
4.2
10.5
3.6
Aug 21
32.6
34.1
13.8
4.2
10.7
3.6
Aug 13
33.2
33.0
13.6
4.1
11.2
3.9
Aug 6
33.2
32.9
13.9
4.1
11.1
3.8
July 31
33.1
33.3
14.0
4.2
10.8
4.6
July 28
32.4
33.7
14.3
4.2
11.0
4.4
July 26
32.9
33.3
14.9
4.2
10.7
4.1
July 23
32.9
32.9
15.0
4.2
10.9
4.1
July 19
33.1
32.5
15.1
4.2
10.8
4.3
July 17
32.8
32.7
15.4
4.4
10.6
4.1
July 15
32.9
33.2
14.1
4.4
10.8
4.6
July 12
33.2
32.6
14.0
4.4
11.1
4.7